1	0	0	0	0	1	1	1	1	59128f848b9be8e8435dddf5	58f6ca0e0c11a5036bb7a8de	599ceb301ec71eb66a9eca	558f6cbba0c11a5036bb7aa6d	0	1	1	31	shanghai	1	0	34	8	0
1	0	0	0	0	1	1	1	1	5912f945571d2a027925b4b9	58f6ca0e0c11a5036bb7a8de	599ceb301ec71eb66a9eca	558f6cbba0c11a5036bb7aa6d	0	1	1	31	shanghai	1	0	34	8	0
1	0	0	0	0	1	1	1	1	591d0679d256afb823076da6	577239f216246d861fe3fe10	577239f216246d861fe3fe1	58a5b67861c09f477cdd57c	0	1	1	31	shanghai	1	0	34	8	0
1	0	0	0	0	1	1	1	0	599aa9e1199e469225bcf21f	577239f216246d861fe3fe10	577239f216246d861fe3fe1	599a794df316cc1b272d9d1a	-99	1	1	42	wuhan	1	0	34	8	0
1	0	0	0	0	1	1	1	0	599aa9e1199e469225bcf21f	577239f216246d861fe3fe10	577239f216246d861fe3fe1	599a794df316cc1b272d9d1a	-99	1	1	44	guangzhou	1	0	34	8	0
1	0	0	0	0	1	1	1	0	599aa9e1199e469225bcf21f	577239f216246d861fe3fe10	577239f216246d861fe3fe1	599a794df316cc1b272d9d1a	-99	1	1	50	zhongqing	1	0	34	8	0
1	0	0	0	0	1	1	1	0	599aa9e1199e469225bcf21f	577239f216246d861fe3fe10	577239f216246d861fe3fe1	599a794df316cc1b272d9d1a	-99	1	1	51	chengdou	1	0	34	8	0
1	0	0	0	0	1	1	1	0	599aa9e1199e469225bcf21f	577239f216246d861fe3fe10	577239f216246d861fe3fe1	599a794df316cc1b272d9d1a	-99	1	1	NULL	OV	1	0	34	8	0
1	0	0	0	0	1	1	1	0	599b9b2398ca73e718130ed5	577239f216246d861fe3fe10	577239f216246d861fe3fe1	599a794df316cc1b272d9d1a	-99	1	1	42	wuhan	1	0	34	8	0
1	0	0	0	0	1	1	1	0	599b9b2398ca73e718130ed5	577239f216246d861fe3fe10	577239f216246d861fe3fe1	599a794df316cc1b272d9d1a	-99	1	1	44	guangzhou	1	0	34	8	0
1	0	0	0	0	1	1	1	0	599b9b2398ca73e718130ed5	577239f216246d861fe3fe10	577239f216246d861fe3fe1	599a794df316cc1b272d9d1a	-99	1	1	50	zhongqing	1	0	34	8	0
1	0	0	0	0	1	1	1	0	599b9b2398ca73e718130ed5	577239f216246d861fe3fe10	577239f216246d861fe3fe1	599a794df316cc1b272d9d1a	-99	1	1	51	chengdou	1	0	34	8	0
1	0	0	0	0	1	1	1	0	599b9b2398ca73e718130ed5	577239f216246d861fe3fe10	577239f216246d861fe3fe1	599a794df316cc1b272d9d1a	-99	1	1	NULL	OV	1	0	34	8	0
1	0	0	0	0	2	1	0	0	599c203b98ca73e718130edb	59892d9c6ac86a69663696ee	59892d9c6ac86a69663696e	599c1faf524ca59b2d6b5aea	-99	1	1	31	shanghai	1	0	34	8	2
1	0	0	0	0	2	1	0	0	599c203b98ca73e718130edb	59892d9c6ac86a69663696ee	59892d9c6ac86a69663696e	599c1faf524ca59b2d6b5aea	-99	1	1	53	kunming	1	0	34	8	2
1	0	0	0	0	2	1	0	0	599c203b98ca73e718130edb	59892d9c6ac86a69663696ee	59892d9c6ac86a69663696e	599c1faf524ca59b2d6b5aea	-99	1	1	31	shanghai	1	0	34	8	3
1	0	0	0	0	2	1	0	0	599c203b98ca73e718130edb	59892d9c6ac86a69663696ee	59892d9c6ac86a69663696e	599c1faf524ca59b2d6b5aea	-99	1	1	53	kunming	1	0	34	8	3
1	0	0	0	0	2	1	0	0	599ceee81455c4e1189d2c0b	577239f216246d861fe3fe10	577239f216246d861fe3fe1	599a794df316cc1b272d9d1a	-99	1	1	42	wuhan	1	0	34	8	2
1	0	0	0	0	2	1	0	0	599ceee81455c4e1189d2c0b	577239f216246d861fe3fe10	577239f216246d861fe3fe1	599a794df316cc1b272d9d1a	-99	1	1	44	guangzhou	1	0	34	8	2
1	0	0	0	0	2	1	0	0	599ceee81455c4e1189d2c0b	577239f216246d861fe3fe10	577239f216246d861fe3fe1	599a794df316cc1b272d9d1a	-99	1	1	50	zhongqing	1	0	34	8	2
1	0	0	0	0	2	1	0	0	599ceee81455c4e1189d2c0b	577239f216246d861fe3fe10	577239f216246d861fe3fe1	599a794df316cc1b272d9d1a	-99	1	1	51	chengdou	1	0	34	8	2
1	0	0	0	0	2	1	0	0	599ceee81455c4e1189dc0b	577239f216246d861fe3fe10	577239f216246d861fe3fe1	599a794df316cc1b272d9d1a	-99	1	1	NULL	OV	1	0	34	8	2
1	0	0	0	0	2	1	0	0	599ceee81455c4e1189d2c0b	577239f216246d861fe3fe10	577239f216246d861fe3fe1	599a794df316cc1b272d9d1a	-99	1	1	42	wuhan	1	0	34	8	3
1	0	0	0	0	2	1	0	0	599ceee81455c4e1189d2c0b	577239f216246d861fe3fe10	577239f216246d861fe3fe1	599a794df316cc1b272d9d1a	-99	1	1	44	guangzhou	1	0	34	8	3
1	0	0	0	0	2	1	0	0	599ceee81455c4e1189d2c0b	577239f216246d861fe3fe10	577239f216246d861fe3fe1	599a794df316cc1b272d9d1a	-99	1	1	50	zhongqing	1	0	34	8	3
1	0	0	0	0	2	1	0	0	599ceee81455c4e1189d2c0b	577239f216246d861fe3fe10	577239f216246d861fe3fe1	599a794df316cc1b272d9d1a	-99	1	1	51	chengdou	1	0	34	8	3
1	0	0	0	0	2	1	0	0	599ceee81455c4e1189d2c0b	577239f216246d861fe3fe10	577239f216246d861fe3fe1	599a794df316cc1b272d9d1a	-99	1	1	NULL	OV	1	0	34	8	3